Test case 4 failed
Input:
71 15078
29886
24122
14720
29560
14453
7694
8064
16915
22211
12907
29260
15772
19322
2196
23410
1995
17679
5665
9083
26115
7837
7287
25120
27459
19072
13274
11164
5996
14622
20112
29552
6509
2989
3639
29309
7664
14780
1621
16625
27812
426
23553
14117
23620
16262
22379
3670
29146
20291
23996
22093
17256
8169
12794
12561
18172
22528
5082
12242
15213
4471
2695
6947
19868
7962
1817
19163
7164
18749
10039
26587







































































Output from q2.c:
NO
Output from q2_shreyas.c:
YES

Test case 8 failed
Input:
29 12231
9550
18211
18275
15745
2346
22052
3738
9987
15738
23881
21225
20154
21325
5119
18176
25445
17412
4020
13636
5734
17598
27856
12706
14131
24107
26118
4439
22699
4916





























Output from q2.c:
NO
Output from q2_shreyas.c:
YES

Test case 10 failed
Input:
11 26804
15845
23322
6770
22670
21890
2655
16304
7233
7600
12985
25047











Output from q2.c:
NO
Output from q2_shreyas.c:
YES

Test case 11 failed
Input:
68 18071
20022
29896
25786
12269
11691
19195
7989
10737
23189
863
7971
19321
15546
28016
23673
25112
27537
6155
864
14075
18351
838
10184
13141
23783
20667
21302
11343
29236
18781
22205
19501
4881
1988
13734
22837
14706
15339
15758
3067
23809
11210
6619
6474
26626
28481
18648
13486
9254
11699
23552
10716
4910
12353
22628
6775
24004
19728
3761
19998
17397
3084
10374
8666
18478
9502
22618
4905




































































Output from q2.c:
NO
Output from q2_shreyas.c:
YES

Test case 13 failed
Input:
56 8876
20628
23875
29318
24067
19113
22410
6266
11515
14310
8309
11395
25082
8531
13992
21448
25599
24076
12713
7126
7947
3467
16639
17059
10609
8313
18267
8331
10890
17714
17578
12402
28320
11344
3702
17489
9898
11344
21078
24242
22156
21143
9673
19554
13022
21242
20596
28543
21489
7103
12265
23116
20298
27601
28885
18599
15273
























































Output from q2.c:
NO
Output from q2_shreyas.c:
YES

Test case 21 failed
Input:
44 2377
8553
4882
24769
17169
26135
21606
1037
8031
5946
12102
7443
16307
11261
13437
17204
15750
3790
19676
22233
27017
5866
27791
18591
11444
7113
27814
1429
24927
25837
67
16530
5612
8878
4899
10518
3664
877
22973
14470
18971
19777
27976
24268
2576












































Output from q2.c:
NO
Output from q2_shreyas.c:
YES

Test case 23 failed
Input:
30 1881
21976
16906
27842
28132
11391
11619
20638
124
15274
6061
29580
22653
4447
17004
13159
28627
7569
10426
27659
16726
11039
5540
7701
27840
16227
29241
23864
27612
15831
15870






























Output from q2.c:
NO
Output from q2_shreyas.c:
YES

Test case 1 failed
Input:
71 10076
2728
28864
20586
22772
18230
29069
11033
26273
5859
15522
8579
20860
8304
14398
22535
10105
24973
2096
12402
23426
27386
15966
3852
13901
4620
12818
21717
27540
17522
19287
24511
28292
27024
12317
26412
28000
18236
7463
26378
23243
17900
8354
16420
19881
28513
24337
18634
21470
5744
13211
18305
7828
18692
12386
24787
25871
15953
29751
20336
3343
10163
219
354
19800
1698
15378
10993
24077
4258
14718
8585







































































Output from q2.c:
NO
Output from q2_shreyas.c:
YES

Test case 3 failed
Input:
21 11637
12971
17364
25188
15905
18321
12379
15190
6075
23614
13173
8803
25522
6069
13294
13948
11412
13012
9060
26487
14464
3973





















Output from q2.c:
NO
Output from q2_shreyas.c:
YES

Test case 5 failed
Input:
26 17299
19676
12879
22549
15294
21119
22808
19628
10745
19843
23042
1710
9869
29863
3921
29765
16934
25376
12296
26211
29077
389
9394
26852
12777
29409
24991


























Output from q2.c:
NO
Output from q2_shreyas.c:
YES

Test case 15 failed
Input:
57 29785
21854
11376
29587
16071
27213
5692
18713
28399
27161
26734
9886
18020
3484
26387
13102
19448
16946
18333
15010
24060
10412
6185
28025
25179
21397
15061
6200
4312
7028
1560
9073
10013
27386
7399
5394
28882
15250
7676
13553
28368
14940
1954
7962
17392
16934
6465
28221
7410
24643
19235
26259
23104
2680
9162
14974
3777
13848

























































Output from q2.c:
NO
Output from q2_shreyas.c:
YES

Test case 16 failed
Input:
32 12332
26602
23396
26068
22267
5436
19366
24148
2401
27205
18006
14399
28080
18934
2556
26587
4491
19197
7946
9705
11148
14531
29984
7148
10235
54
28953
1210
7293
26736
14030
20777
5107
































Output from q2.c:
NO
Output from q2_shreyas.c:
YES

Test case 17 failed
Input:
57 20804
10431
24693
25313
6443
23196
8251
2913
14920
10023
157
22209
9299
26410
23892
17557
11363
6926
25695
23018
3756
8934
3181
157
2232
14257
10002
1491
29873
19161
13921
7325
15076
11574
5929
12296
10085
20011
2756
27813
23994
24334
11047
23792
29393
18064
21619
16782
23247
12584
21068
10828
11122
623
4961
7766
922
29114

























































Output from q2.c:
NO
Output from q2_shreyas.c:
YES

Test case 4 failed
Input:
82 25481
9571
269
4409
6195
8587
17433
26378
20621
426
7022
12146
17586
24077
19980
20774
7346
14263
22305
9485
3426
297
12716
10243
1937
12539
22901
26957
26789
12641
8239
6092
721
29387
25935
29737
11258
16459
23946
6463
12349
7215
544
26497
3017
24219
13667
18290
3766
17038
17246
19254
11240
29257
2757
4654
8932
13033
13138
18207
17679
21851
21239
5807
25982
28024
22819
4116
28008
23519
26689
10244
1778
7943
28136
10531
21912
16562
16499
24136
29234
8651
1962
169
-36
146
198
-122
-43
-206
-90
-245
-228
253
225
-84
-204
-240
89
-42
-123
-82
184
-86
-176
30
-117
-110
198
14
-244
108
251
-52
45
253
257
-213
-293
-149
-121
-225
-88
-277
110
-256
-91
-39
-46
297
178
-57
-271
210
25
29
288
-231
209
-18
72
-124
198
-141
285
-145
78
-271
115
177
-50
230
-165
55
34
-264
-72
-271
247
-271
16
162
-20
-290
94
Output from q2.c:
NO
Output from q2_shreyas.c:
YES

Test case 5 failed
Input:
95 25457
10988
23113
6179
17486
6788
23938
24617
17785
19811
22691
2003
15069
9402
25440
26180
11754
9210
10514
4180
24754
16566
21755
6449
29554
11722
12750
2681
2059
20172
12533
23137
6766
19893
24612
15517
24337
1987
15457
16430
25391
2758
27330
1298
19451
11260
14634
10843
19583
756
11236
3641
15151
20116
20251
1322
26507
26869
17293
7016
6236
29092
21677
743
29752
29043
28933
14673
13179
8464
22362
13364
17722
12326
23245
3438
26520
26892
18550
15801
2340
14521
21104
14696
23371
28982
5910
27098
11727
6123
14001
18440
10908
13566
11154
15251
-14
285
158
85
-96
84
-250
-128
-251
-70
275
244
-47
115
-254
-179
-77
223
39
-285
292
223
21
20
-188
-275
-183
30
-272
-198
-129
-274
-208
-126
-258
153
-286
-253
-178
-73
-94
106
-189
-113
134
127
-294
-137
26
291
198
63
226
217
-125
-22
-273
32
201
191
-157
-204
-299
39
215
-177
239
-250
-202
-49
112
128
-12
39
-272
128
-85
106
-169
234
83
-274
-112
-84
38
224
-119
81
-233
-289
-221
-65
-206
177
-179
Output from q2.c:
NO
Output from q2_shreyas.c:
YES

Test case 14 failed
Input:
99 27557
636
18408
20272
22229
27318
19524
2674
12694
15267
15942
16889
14685
21551
1558
27972
15381
25254
6414
59
2233
29163
28223
21686
12315
16289
8525
25539
6000
24904
8952
8935
11344
927
19295
12054
27730
26946
7069
2020
3670
9528
16338
8504
29775
29123
23086
10446
16653
24570
22829
12391
13576
96
18715
20556
17283
19545
8945
22055
1853
21564
5933
13031
25352
4899
23386
16657
25321
7227
19544
21743
17800
4102
3743
14920
13476
4747
18941
8057
5591
28323
12468
1668
17739
14902
12432
4419
20537
13608
5333
22293
17684
17441
610
21029
23378
25443
12562
25405
-8
37
-275
55
236
229
3
148
-78
216
-203
-41
-92
33
-89
-268
252
-128
-184
-154
-108
45
-294
-216
-162
210
-116
214
20
104
-50
-35
218
-144
-128
-103
117
235
86
92
233
194
13
-248
51
-263
287
188
-152
16
-147
157
-73
-175
24
-60
279
-250
158
-141
-264
-46
195
-123
-156
17
-255
1
-42
67
208
-122
170
97
122
52
156
-115
-281
39
31
19
-247
-7
-137
209
246
-51
229
216
174
-53
-28
-269
-162
-199
-74
-186
159
Output from q2.c:
NO
Output from q2_shreyas.c:
YES

Test case 15 failed
Input:
76 26991
15582
1859
14838
1302
19332
27308
4891
16167
16485
28668
6667
22022
24845
6091
2232
11909
23396
5741
28018
6681
14667
14708
12454
6690
3513
21297
2747
29201
23213
19790
10204
2997
21446
15862
4400
1941
27114
8461
25438
2594
6037
25377
9670
12471
29571
16384
12297
7252
15383
23628
2866
20397
10887
17712
1514
10818
4624
3235
6649
13768
11651
27010
27878
17768
21504
12965
14386
14339
8779
28289
9771
19619
17927
3247
23519
25897
-182
-261
-202
-140
111
-115
-282
-64
-136
-297
113
-245
-176
-16
-104
43
162
-128
-263
291
-183
218
-22
-88
-120
-182
89
269
-100
-41
293
232
225
-24
251
-101
-148
-149
121
-155
60
157
88
-180
-105
274
-190
-144
249
-19
-235
-100
-65
-249
-92
215
29
-294
-227
-225
-275
-170
-44
69
79
-168
224
299
-239
-199
298
-158
195
48
-168
80
Output from q2.c:
NO
Output from q2_shreyas.c:
YES

Test case 27 failed
Input:
58 26726
15787
7598
19501
17360
4945
17041
17687
24552
8775
28141
25162
8244
9125
14919
2864
21476
10084
5058
8076
22338
23584
10134
16926
22048
3099
26097
9017
22554
16524
20766
2950
13476
21679
20146
28026
7071
7488
14266
234
21870
23254
15147
23406
19844
828
3942
1165
423
16605
2775
20376
13728
6215
10709
2225
6063
24301
24801
32
-163
-127
-269
-137
-113
-267
226
-211
-241
125
96
1
-173
93
97
120
87
41
128
271
233
-86
102
-47
205
85
250
-286
64
-18
-273
123
-299
96
133
-113
42
259
-295
25
212
-226
296
-176
-254
-261
149
168
248
-93
185
-98
21
247
-232
-298
189
Output from q2.c:
NO
Output from q2_shreyas.c:
YES

Test case 35 failed
Input:
65 29480
20285
7053
23424
27122
18899
18634
24720
14348
23311
21537
21081
24615
1669
9671
21163
16334
26446
25136
29403
9103
11045
12317
5502
10399
15524
25873
14881
8159
16501
18316
11994
14030
13708
22582
18867
23621
19033
7305
25642
3589
16606
17243
9640
17219
19604
19516
25630
18528
7032
302
13787
12702
12258
17119
14310
7916
19158
20536
27697
618
20985
15855
18811
11829
10619
173
72
150
-195
126
133
-294
-292
-204
4
-62
-116
-131
3
26
-149
284
-226
-222
-140
-183
-123
-102
162
-188
0
-19
209
-184
130
93
142
81
137
-181
29
-256
19
48
-114
-232
75
99
-130
134
1
-35
-208
214
-111
-143
276
92
172
-155
-124
212
293
-37
50
-135
205
190
137
155
Output from q2.c:
NO
Output from q2_shreyas.c:
YES

Test case 38 failed
Input:
58 25795
3571
28042
18294
24076
22626
11957
11351
19948
7666
1525
10375
7799
28157
159
8943
6125
2503
12422
3388
6487
28801
15837
16817
17747
20055
26905
4101
11633
3649
21889
24280
7739
3460
6165
18176
13419
11321
2828
21231
7314
19512
26726
18104
13784
17325
16015
12592
22666
18884
19736
7381
13099
29149
8080
2352
3690
3589
12109
296
203
123
117
221
-263
-17
108
-79
-16
-222
-272
-35
-44
-211
-103
-164
24
-25
-11
239
235
167
55
221
165
-174
-137
-44
150
174
-195
204
40
-89
-97
207
-236
-14
-298
72
205
120
290
4
-59
128
36
131
-176
149
262
-154
222
-296
-62
-92
-49
Output from q2.c:
NO
Output from q2_shreyas.c:
YES

Test case 56 failed
Input:
57 26499
25345
26834
8024
8907
5267
1361
10208
1942
11347
23482
17097
14103
19497
23476
12249
13832
1249
22027
19448
10757
3065
19268
28861
23592
20877
29321
426
871
27255
3234
16638
22436
15197
5345
17546
23942
3288
7768
27363
18953
5158
25691
16793
15490
1224
5947
27870
21004
20291
25843
18099
4441
14365
6517
1230
23900
11396
215
273
248
211
232
168
-196
160
135
-250
12
86
14
-76
200
-168
-280
103
-23
-276
-293
-264
278
72
-80
163
-229
36
64
-165
58
175
-127
139
-292
62
278
-120
-214
237
295
-51
-106
297
209
-50
137
-243
45
187
-85
-181
-189
-148
151
-274
-18
Output from q2.c:
NO
Output from q2_shreyas.c:
YES

Test case 64 failed
Input:
97 24065
3746
29969
8875
18553
21912
14672
24809
27793
19154
17903
942
1628
23220
12382
14453
5260
17144
29733
17388
1802
27645
28576
7130
22200
20772
24864
19426
2778
23109
14570
25139
29708
7044
12087
18628
31
4101
26838
3179
22826
21808
4690
29465
11512
2729
6457
17387
9327
14939
26224
21025
4035
15917
20269
4929
6732
3852
11088
8295
29666
151
6381
11974
12303
15141
18308
11632
20873
15640
12122
19211
3993
4169
8826
16175
14939
26966
21636
23319
1304
3685
6273
14928
24276
2557
16724
11526
24505
29706
368
10633
15195
22251
20627
6892
7062
20643
-129
-12
-264
-108
-188
-288
-83
9
72
-10
-63
-134
28
262
-176
109
-171
-276
130
-53
0
294
-131
-151
-3
51
263
-31
-73
-78
-265
293
93
-198
173
-173
182
-276
11
199
-234
241
-103
182
-110
135
-92
52
-175
202
78
-50
-115
150
295
272
-67
243
-278
131
-54
-293
189
-181
-122
22
-19
265
-275
-259
-138
-149
-289
-223
280
188
2
-129
203
-269
196
-174
-119
-185
-47
151
-262
-76
119
-162
-76
-199
-142
93
201
199
-157
Output from q2.c:
NO
Output from q2_shreyas.c:
YES

Test case 84 failed
Input:
49 25446
4514
1903
10794
19613
26737
6691
24631
22835
9304
16168
25095
2083
9082
23496
10542
24123
10174
4619
8964
17872
1283
28557
10392
11060
15795
16115
28076
19497
14650
13082
28673
13062
4491
1979
8509
28717
11869
21432
3824
6517
9418
16181
11115
10679
4336
1958
13969
12971
13186
24
-25
0
297
229
-137
218
-142
-139
-37
-188
-147
205
91
-179
280
202
298
-216
232
-8
232
71
213
205
251
264
-191
-242
-161
176
148
-22
136
89
-164
-154
-277
-238
281
214
281
-233
261
102
68
73
168
126
Output from q2.c:
NO
Output from q2_shreyas.c:
YES

Test case 89 failed
Input:
71 28491
25959
6227
25917
19789
5288
21471
10624
23866
19283
22649
20526
17116
29039
9840
25759
29826
18186
24398
11846
19450
467
13305
7569
7356
7347
7099
12004
4047
17360
24134
21549
8343
26703
20960
12476
4799
4979
28630
14081
26196
15880
11872
5039
20912
9331
13760
8815
21656
18830
21794
8691
20079
24299
7073
116
3320
25270
16928
3382
21287
20966
13110
19796
22110
2030
11142
18038
28646
25906
29942
11046
-293
202
70
-5
-190
-214
-280
256
-256
-178
-206
145
-198
-34
13
138
-64
65
106
145
21
-186
179
174
262
-41
-105
254
-272
195
298
151
-267
-236
-93
160
215
-8
160
-200
-30
-176
-176
2
-159
-58
100
-285
123
53
-215
178
-296
109
-17
-260
79
113
-153
-98
-5
-107
224
-28
-182
197
284
141
-225
-159
109
Output from q2.c:
NO
Output from q2_shreyas.c:
YES

Test case 95 failed
Input:
33 27882
7700
5592
4421
7802
20409
25417
11144
23497
22281
29734
21990
21619
3238
24275
21273
15818
638
20724
18862
19204
18008
22483
8379
23677
17797
14767
16594
5805
21825
11510
11742
16814
28291
35
185
261
-30
297
294
229
-31
-50
-245
-299
86
-76
-86
-23
-288
100
101
-192
114
188
156
-25
37
-6
174
-138
276
-250
167
66
106
-55
Output from q2.c:
NO
Output from q2_shreyas.c:
YES

